[GameType "Bot"]
[GameID "271538"]
[Date "2025-03-20 07:40:45"]
[BotDepth "3"]
[PlayerTeam "Black"]

1. (2, -0.25, 4) (4, -0.25, 4)
2. (7, -0.25, 5) (5, -0.35, 5)
2. (1, -0.25, 3) (3, -0.25, 5)
2. (8, -0.25, 5) (7, -0.35, 5)
2. (4, -0.25, 4) (5, -0.25, 5)
2. (7, -0.25, 6) (5, -0.35, 6)
2. (3, -0.25, 5) (5, -0.25, 7)
2. (7, -0.35, 5) (7, -0.35, 6)
2. (1, -0.25, 4) (5, -0.25, 4)
2. (7, -0.35, 6) (6, -0.35, 7)
2. (5, -0.25, 7) (8, -0.25, 4)
2. (8, -0.25, 6) (7, -0.35, 5)
2. (8, -0.25, 4) (7, -0.25, 3)
2. (8, -0.25, 2) (6, -0.35, 3)
2. (1, -0.25, 2) (3, -0.25, 3)
2. (6, -0.35, 3) (5, -0.35, 5)
2. (7, -0.25, 3) (5, -0.25, 5)
