[GameType "PvP"]
[GameID "872373"]
[Date "2025-03-20 09:50:07"]

1. (2, -0.25, 3) (4, -0.35, 3)
2. (7, -0.25, 2) (5, -0.35, 2)
2. (4, -0.35, 3) (5, -0.35, 2)
2. (7, -0.25, 3) (6, -0.35, 3)
2. (5, -0.35, 2) (6, -0.35, 2)
2. (8, -0.25, 3) (6, -0.35, 1)
2. (6, -0.35, 2) (7, -0.35, 1)
2. (6, -0.35, 1) (5, -0.35, 2)
2. (7, -0.35, 1) (8, -0.35, 2)
2. (7, -0.25, 4) (5, -0.35, 4)
2. (8, -0.25, 2) (3, -0.35, 7)
2. (2, -0.25, 3) (4, -0.35, 3)
2. (7, -0.25, 4) (5, -0.35, 4)
2. (4, -0.35, 3) (5, -0.35, 4)
2. (7, -0.25, 5) (6, -0.35, 5)
2. (5, -0.35, 4) (6, -0.35, 5)
2. (7, -0.25, 3) (6, -0.35, 3)
2. (6, -0.35, 5) (7, -0.35, 6)
2. (8, -0.25, 5) (7, -0.35, 4)
2. (7, -0.35, 6) (8, -0.35, 7)
2. (7, -0.25, 3) (6, -0.35, 3)
2. (5, -0.35, 4) (6, -0.35, 3)
2. (8, -0.25, 4) (7, -0.35, 4)
2. (6, -0.35, 3) (7, -0.35, 2)
2. (7, -0.35, 4) (8, -0.35, 4)
2. (7, -0.35, 2) (8, -0.35, 3)
2. (7, -0.25, 7) (6, -0.35, 7)
2. (8, -0.25, 3) (4, -0.35, 3)
2. (8, -0.25, 3) (4, -0.35, 3)
2. (6, -0.35, 7) (5, -0.35, 7)
2. (4, -0.35, 3) (4, -0.35, 7)
2. (2, -0.25, 1) (3, -0.35, 1)
2. (8, -0.25, 2) (6, -0.35, 3)
2. (2, -0.25, 2) (3, -0.35, 2)
2. (7, -0.25, 2) (6, -0.35, 2)
2. (2, -0.25, 4) (4, -0.35, 4)
2. (2, -0.25, 1) (4, -0.35, 1)
2. (7, -0.25, 1) (5, -0.35, 1)
2. (2, -0.25, 2) (4, -0.35, 2)
2. (8, -0.25, 1) (6, -0.35, 1)
