[GameType "Bot"]
[GameID "872710"]
[Date "2025-03-20 10:15:40"]
[BotDepth "4"]
[PlayerTeam "White"]

1. (2, -0.25, 4) (4, -0.35, 4)
2. (7, -0.25, 4) (5, -0.25, 4)
2. (4, -0.35, 4) (5, -0.35, 4)
2. (7, -0.25, 5) (5, -0.25, 5)
2. (2, -0.25, 5) (4, -0.35, 5)
2. (7, -0.25, 5) (5, -0.25, 5)
2. (4, -0.35, 4) (5, -0.35, 4)
2. (7, -0.25, 5) (5, -0.25, 5)
2. (2, -0.25, 5) (4, -0.35, 5)
2. (7, -0.25, 5) (5, -0.25, 5)
2. (2, -0.25, 6) (3, -0.35, 6)
2. (8, -0.25, 7) (6, -0.25, 6)
2. (2, -0.25, 3) (3, -0.35, 3)
2. (8, -0.25, 6) (6, -0.25, 4)
