[GameType "PvP"]
[GameID "732857"]
[Date "2025-03-20 09:24:46"]

1. (2, -0.25, 4) (4, -0.35, 4)
2. (7, -0.25, 3) (5, -0.35, 3)
2. (4, -0.35, 4) (5, -0.35, 3)
2. (7, -0.25, 2) (5, -0.35, 2)
2. (2, -0.25, 3) (4, -0.35, 3)
2. (5, -0.35, 2) (4, -0.35, 2)
2. (2, -0.25, 1) (3, -0.35, 1)
2. (4, -0.35, 2) (3, -0.35, 1)
2. (1, -0.25, 3) (2, -0.35, 4)
2. (3, -0.35, 1) (2, -0.35, 2)
2. (2, -0.35, 4) (3, -0.35, 3)
2. (2, -0.35, 2) (1, -0.35, 1)
2. (1, -0.25, 2) (3, -0.35, 1)
2. (8, -0.25, 2) (6, -0.35, 3)
2. (1, -0.25, 2) (3, -0.35, 3)
