[GameType "Bot"]
[GameID "810733"]
[Date "2025-03-20 07:28:16"]
[BotDepth "4"]
[PlayerTeam "White"]

1. (2, -0.25, 4) (4, -0.35, 4)
2. (7, -0.25, 4) (5, -0.25, 4)
2. (2, -0.25, 5) (4, -0.35, 5)
2. (8, -0.25, 3) (6, -0.25, 5)
2. (2, -0.25, 3) (4, -0.35, 3)
2. (5, -0.25, 4) (4, -0.25, 5)
2. (2, -0.25, 6) (3, -0.35, 6)
2. (7, -0.25, 3) (5, -0.25, 3)
2. (4, -0.35, 4) (5, -0.35, 4)
2. (6, -0.25, 5) (5, -0.25, 6)
2. (3, -0.35, 6) (4, -0.35, 5)
2. (5, -0.25, 6) (4, -0.25, 5)
2. (1, -0.25, 4) (2, -0.35, 5)
2. (8, -0.25, 7) (6, -0.25, 6)
2. (2, -0.35, 5) (4, -0.35, 5)
2. (6, -0.25, 6) (4, -0.25, 5)
2. (2, -0.25, 7) (3, -0.35, 7)
2. (8, -0.25, 4) (5, -0.25, 1)
2. (2, -0.25, 2) (4, -0.35, 2)
2. (5, -0.25, 1) (4, -0.25, 2)
