[GameType "PvP"]
[GameID "411496"]
[Date "2025-03-20 09:31:48"]

1. (2, -0.25, 4) (4, -0.35, 4)
2. (2, -0.25, 4) (4, -0.35, 4)
2. (7, -0.25, 5) (5, -0.35, 5)
2. (4, -0.35, 4) (5, -0.35, 5)
2. (2, -0.25, 5) (4, -0.35, 5)
2. (7, -0.25, 4) (5, -0.35, 4)
2. (1, -0.25, 6) (4, -0.35, 3)
2. (5, -0.35, 4) (4, -0.35, 3)
2. (2, -0.25, 4) (4, -0.35, 4)
2. (7, -0.25, 3) (5, -0.35, 3)
2. (4, -0.35, 4) (5, -0.35, 3)
2. (2, -0.25, 3) (4, -0.35, 3)
2. (7, -0.25, 4) (5, -0.35, 4)
2. (4, -0.35, 3) (5, -0.35, 3)
2. (7, -0.25, 2) (6, -0.35, 2)
2. (5, -0.35, 3) (6, -0.35, 2)
2. (7, -0.25, 1) (6, -0.35, 2)
2. (7, -0.25, 3) (6, -0.35, 3)
2. (6, -0.35, 2) (7, -0.35, 1)
2. (6, -0.35, 3) (5, -0.35, 3)
2. (7, -0.35, 1) (8, -0.35, 2)
2. (2, -0.25, 4) (4, -0.35, 4)
