[GameType "Bot"]
[GameID "522910"]
[Date "2025-03-20 10:04:14"]
[BotDepth "3"]
[PlayerTeam "White"]

1. (2, -0.25, 4) (4, -0.35, 4)
2. (7, -0.25, 4) (5, -0.25, 4)
2. (2, -0.25, 5) (4, -0.35, 5)
2. (7, -0.25, 5) (5, -0.25, 5)
2. (2, -0.25, 4) (4, -0.35, 4)
2. (7, -0.25, 4) (5, -0.25, 4)
2. (2, -0.25, 5) (4, -0.35, 5)
2. (8, -0.25, 3) (6, -0.25, 5)
2. (2, -0.25, 4) (4, -0.35, 4)
2. (7, -0.25, 4) (5, -0.25, 4)
2. (2, -0.25, 5) (4, -0.35, 5)
2. (8, -0.25, 3) (6, -0.25, 5)
2. (2, -0.25, 6) (4, -0.35, 6)
2. (5, -0.25, 4) (4, -0.25, 5)
2. (4, -0.35, 5) (5, -0.35, 5)
2. (8, -0.25, 2) (6, -0.25, 3)
2. (2, -0.25, 3) (4, -0.35, 3)
2. (5, -0.25, 4) (4, -0.25, 3)
2. (4, -0.35, 3) (5, -0.35, 3)
2. (8, -0.25, 2) (6, -0.25, 3)
