[GameType "Bot"]
[GameID "651866"]
[Date "2025-03-20 10:42:17"]
[BotDepth "5"]
[PlayerTeam "White"]

1. (2, -0.25, 5) (4, -0.35, 5)
2. (7, -0.25, 4) (5, -0.25, 4)
2. (2, -0.25, 4) (4, -0.35, 4)
2. (7, -0.25, 5) (5, -0.25, 5)
2. (2, -0.25, 6) (4, -0.35, 6)
2. (7, -0.25, 5) (6, -0.25, 5)
2. (2, -0.25, 4) (4, -0.35, 4)
2. (7, -0.25, 5) (5, -0.25, 5)
2. (2, -0.25, 3) (4, -0.35, 3)
2. (5, -0.25, 5) (4, -0.25, 4)
2. (2, -0.25, 5) (4, -0.35, 5)
2. (7, -0.25, 4) (5, -0.25, 4)
2. (1, -0.25, 4) (3, -0.35, 6)
2. (8, -0.25, 3) (6, -0.25, 5)
2. (4, -0.35, 5) (5, -0.35, 4)
2. (6, -0.25, 5) (5, -0.25, 4)
2. (4, -0.35, 5) (5, -0.35, 5)
