[GameType "Bot"]
[GameID "852191"]
[Date "2025-04-01 00:10:54"]
[BotDepth "4"]
[PlayerTeam "Black"]

1. (2, -0.25, 4) (4, -0.25, 4)
2. (7, -0.25, 2) (5, -0.35, 2)
3. (2, -0.25, 5) (3, -0.25, 5)
4. (7, -0.25, 1) (5, -0.35, 1)
5. (1, -0.25, 3) (2, -0.25, 4)
6. (5, -0.35, 2) (4, -0.35, 2)
7. (1, -0.25, 4) (3, -0.25, 6)
8. (5, -0.35, 1) (4, -0.35, 1)
9. (3, -0.25, 6) (8, -0.25, 1)
10. (4, -0.35, 2) (3, -0.35, 2)
11. (2, -0.25, 1) (3, -0.25, 2)
12. (4, -0.35, 1) (3, -0.35, 2)
13. (2, -0.25, 3) (3, -0.25, 2)
14. (8, -0.25, 3) (7, -0.35, 2)
15. (8, -0.25, 1) (7, -0.25, 2)
