[GameType "Bot"]
[GameID "661445"]
[Date "2025-03-20 10:06:43"]
[BotDepth "4"]
[PlayerTeam "White"]

1. (2, -0.25, 4) (4, -0.35, 4)
2. (7, -0.25, 4) (5, -0.25, 4)
2. (7, -0.25, 4) (5, -0.25, 4)
2. (2, -0.25, 4) (4, -0.35, 4)
2. (8, -0.25, 2) (6, -0.25, 3)
2. (2, -0.25, 5) (3, -0.35, 5)
2. (7, -0.25, 5) (6, -0.25, 5)
2. (8, -0.25, 3) (6, -0.25, 5)
2. (2, -0.25, 5) (4, -0.35, 5)
2. (5, -0.25, 4) (4, -0.25, 5)
2. (7, -0.25, 7) (6, -0.25, 7)
2. (2, -0.25, 6) (4, -0.35, 6)
2. (8, -0.25, 6) (7, -0.25, 7)
2. (8, -0.25, 6) (7, -0.25, 7)
2. (2, -0.25, 6) (4, -0.35, 6)
2. (7, -0.25, 7) (4, -0.25, 4)
2. (2, -0.25, 5) (4, -0.35, 5)
2. (8, -0.25, 4) (6, -0.25, 4)
2. (8, -0.25, 4) (6, -0.25, 4)
2. (7, -0.25, 7) (4, -0.25, 4)
