[GameType "Bot"]
[GameID "486507"]
[Date "2025-03-20 08:20:10"]
[BotDepth "5"]
[PlayerTeam "Black"]

1. (2, -0.25, 5) (4, -0.25, 5)
2. (7, -0.25, 4) (5, -0.35, 4)
2. (1, -0.25, 2) (3, -0.25, 3)
2. (7, -0.25, 4) (5, -0.35, 4)
2. (3, -0.25, 3) (5, -0.25, 4)
2. (7, -0.25, 3) (6, -0.35, 3)
2. (2, -0.25, 4) (4, -0.25, 4)
2. (7, -0.25, 5) (5, -0.35, 5)
2. (1, -0.25, 3) (3, -0.25, 5)
2. (7, -0.25, 6) (5, -0.35, 6)
2. (4, -0.25, 4) (5, -0.25, 5)
2. (7, -0.25, 7) (6, -0.35, 7)
2. (1, -0.25, 6) (4, -0.25, 3)
